图一:编码 data_identity ...
-> figs/color_tuning.png
  init    0.800   0.778   0.709   0.688   0.611   0.620   0.305  -0.064  -0.639
  A       0.989   0.988   0.984   0.979   0.946   0.326  -0.868  -0.943  -1.005
  V       0.979   0.978   0.959   0.939   0.897   0.500  -0.013   0.038  -0.962
  R       0.989   0.987   0.968   0.957   0.872   0.752   0.133  -0.051  -0.896
  sup     0.988   0.987   0.984   0.980   0.969   0.075  -0.104  -0.094  -1.010
图二:编码 data_distract(5760 帧)...
-> figs/retrieval.png
[DONE]
